# oST version 5.0 parameters


[image]

width
640

height
360

[narrow_stereo]

camera matrix
461.608766 0.000000 305.536460
0.000000 530.543205 182.286794
0.000000 0.000000 1.000000

distortion
0.014751 0.016481 -0.004832 -0.000948 0.000000

rectification
1.000000 0.000000 0.000000
0.000000 1.000000 0.000000
0.000000 0.000000 1.000000

projection
468.804047 0.000000 304.850849 0.000000
0.000000 536.823914 179.715050 0.000000
0.000000 0.000000 1.000000 0.000000
